11111111111111111133333333333333333333333333333311111111111111111111111111111111111111111111111111111111111111111111
33333333333333333333333333111111111111111111111111111111111111111111111111111111111111111111111111111111111111111111
33333333333333333333333311111111111111111111111111111111111111111111111111111111111111111111111111
33333333333333333333333111111111111111111111111111111111111111111111111111111111111111111111111111
33333333333333333333333311111111111111111111111111111111111111111111111111111111111111111111111111
33333333333333333333333333311111111111111111111111111111111111111111111111111111111111111111111111
33333333333333333333333333333311111111111111111111111111111111111111111111111111111111111111111111
33333333333333333333333333311111111111111111111111111111111111111111111111111111111111111111111111111111111111111111
33333333333333333333331111111111111111111111111111111111111111111111111111111111111111111111111111
33333333333333333111111111111111111111111333333311111111111111111111111111111111111111111111111111
33333333333333311111111111111111111111133333333333311111111111111111111111111111111111111111111111111111111111111111
33333333333311111111111111111111111133333333333333333311111111111111111111111111111111111111111111
33333333333111111111111111111111111111133333333331111111111111111111111111111111111111111111111111
33333333333111111111111111111111111111111111111111111111111111111111111111111111111111111111111111
33333333333311111111111111111111111111111111111111111111111111111111111111111111111111111111111111111111111111111111
33333333333331111111111111111111111111111111111111111111111111111111111111111111111111111111111111
33333333333333111111111111111111111111111111111111111111111111111111111111111111111111111111111111
33333333333333311111111111111111111111111111111111111111111111111111111111111111111111111111111111111111111111111111
33333333333333333111111111111111111111111111111111111111111111111111111111111111111111111111111111
33333333333333311111111111111111111111111111111111111111111111111111111111111111111111111111111111
33333333333331111111111111111111111111111111111111111111111111111111111111111111111111111111111111
33333333333311111111111111111111111111111111111111111111111111111111111111111111111111111111111111
33333333331111111111111111111111111111111111111111111111111111111111111111111111111111111111111111
33333333111111111111111111111111111111111111111111111111111111111111111111111111111111111111111111111111111111111111
33333333311111111111111111111111111111111111111111111111111111111111111111111111111111111111111111
33333333111111122222222222222222222222222222222222222222222222222222222222222222111111111111111111
33333333111111111111111111112111111111111111111111111111111111111111111111111111111111111111111111
33333311111111111111111111221111111111111111111111111111111111111111111111111111111111111111111111
33333333311111111111111112111111111111111111111111111111111111111111111111111111111111111111111111
33333333311111111111111222111111111111111111111111111111111111111111111111111111111111111111111111
33333333111111111111222211111111111111111111111111111111111111111111111111111111111111111111111111
33333333331111111222221111111111111111111111111111111111111111111111111111111111111111111111111111111111111111111111
33333333331111222221111111111111111111111111111111111111111111111111111111111111111111111111111111
33333333311111111111111111111111111111111111111111111111111111111111111111111111111111111111111111111111111111111111
33333333331111111111111111111111111111111111111111111111111111111111111111111111111111111111111111
333333333333333311111111111111111111111111111111111111111111111111111111111111111111111111111111111
333333333333333333311111111111111111111111111111111111111111111111111111111111111111111111111111111
33333333333333333333311111111111111111111111111111111111111111111111111111111111
33333333333333333333333311111111111111111111111111111111111111111111111111111111
33333333333333333333333333333333333111111111111111111111111111111111111111111111
33333333333333333333333333333333333333333111111111111111111111111111111111111111
33333333333333333333333333333333333333333333333311111111111111111111111111111111
33333333333333333333333333333333333333333333333333333333333333331111111111111111
33333333333333333333333333333333333333333333333333333333333333333311111111111111
33333333333333333333333333333333333333333333333333333333333333333331111111111111
33333333333333333333333333333333333333333333333333333333333333333333333333331111